-3.01 1.085e-001
-2.26 8.318e-002
-1.51 5.950e-002
-0.75 4.025e-002
-0.00 2.475e-002
0.75 1.389e-002
1.51 6.795e-003
2.26 2.964e-003
3.01 1.094e-003
3.76 3.293e-004
4.52 9.357e-005
5.27 2.571e-005
6.02 4.286e-006
-3.01 1.079e-001
-2.26 8.290e-002
-1.51 6.019e-002
-0.75 4.056e-002
-0.00 2.509e-002
0.75 1.363e-002
1.51 6.564e-003
2.26 2.926e-003
3.01 1.052e-003
3.76 3.407e-004
4.52 8.071e-005
5.27 2.429e-005
6.02 6.429e-006
-3.01 1.084e-001
-2.26 8.297e-002
-1.51 5.923e-002
-0.75 3.998e-002
-0.00 2.449e-002
0.75 1.360e-002
1.51 6.699e-003
2.26 2.944e-003
3.01 9.871e-004
3.76 3.321e-004
4.52 8.500e-005
5.27 8.571e-006
6.02 4.286e-006
-3.01 1.089e-001
-2.26 8.320e-002
-1.51 6.004e-002
-0.75 4.031e-002
-0.00 2.448e-002
0.75 1.382e-002
1.51 6.710e-003
2.26 3.015e-003
3.01 1.024e-003
3.76 3.286e-004
4.52 1.100e-004
5.27 2.286e-005
6.02 4.286e-006
