-3.01 1.144e-001
-2.26 8.701e-002
-1.51 6.302e-002
-0.75 4.235e-002
-0.00 2.642e-002
0.75 1.482e-002
1.51 7.483e-003
2.26 3.043e-003
3.01 1.157e-003
3.76 4.321e-004
4.52 9.286e-005
5.27 2.000e-005
6.02 4.286e-006
-3.01 1.150e-001
-2.26 8.765e-002
-1.51 6.344e-002
-0.75 4.224e-002
-0.00 2.605e-002
0.75 1.465e-002
1.51 7.436e-003
2.26 3.211e-003
3.01 1.164e-003
3.76 4.036e-004
4.52 1.164e-004
5.27 2.357e-005
6.02 2.143e-006
-3.01 1.147e-001
-2.26 8.781e-002
-1.51 6.386e-002
-0.75 4.249e-002
-0.00 2.684e-002
0.75 1.470e-002
1.51 7.294e-003
2.26 3.023e-003
3.01 1.296e-003
3.76 4.164e-004
4.52 1.000e-004
5.27 2.500e-005
6.02 5.714e-006
-3.01 1.148e-001
-2.26 8.804e-002
-1.51 6.320e-002
-0.75 4.231e-002
-0.00 2.645e-002
0.75 1.424e-002
1.51 7.187e-003
2.26 3.112e-003
3.01 1.214e-003
3.76 4.457e-004
4.52 9.429e-005
5.27 1.071e-005
6.02 5.714e-006
